dia0_utt0,0.010395031,0.984299275,0.005305695,1
dia0_utt1,3.01E-06,0.999996976,1.20E-08,1
dia0_utt2,0.125244533,0.826138895,0.048616572,1
dia0_utt3,0.030982624,0.911750924,0.057266452,1
dia0_utt4,0.051956529,0.929082782,0.018960689,0
dia0_utt5,0.016045101,0.975829115,0.008125785,1
dia0_utt6,0.002557841,0.986046141,0.011396017,1
dia0_utt7,0.002925328,0.993596529,0.003478142,1
dia0_utt8,0.238345818,0.760252097,0.001402085,1
dia0_utt9,0.094887115,0.897912679,0.007200206,1
dia0_utt10,0.777520634,0.218859891,0.003619475,2
dia0_utt11,0.058181198,0.936339962,0.005478839,1
dia0_utt12,0.564427591,0.203760091,0.231812318,0
dia0_utt13,0.354344091,0.573751813,0.071904096,1
dia1_utt0,0.427818583,0.558939383,0.013242033,2
dia1_utt1,0.38119698,0.600429718,0.018373302,2
dia1_utt2,0.43706739,0.452322501,0.110610109,2
dia1_utt3,0.305988393,0.622034088,0.071977518,2
dia1_utt4,0.255805289,0.71439347,0.029801241,1
dia1_utt5,0.301026295,0.692653277,0.006320428,1
dia1_utt8,0.508571934,0.48782144,0.003606626,1
dia2_utt0,0.017099198,0.925388048,0.057512754,1
dia2_utt1,0.534423087,0.268369481,0.197207432,1
dia2_utt2,0.113214706,0.780053567,0.106731726,0
dia2_utt3,0.292099895,0.651648875,0.05625123,2
dia2_utt4,0.085949948,0.893702621,0.020347431,2
dia2_utt5,0.443582604,0.499161934,0.057255462,1
dia2_utt6,0.202014544,0.59753018,0.200455276,2
dia2_utt7,0.084395326,0.889154935,0.026449739,2
dia2_utt8,0.037569814,0.922124482,0.040305704,1
dia2_utt9,0.64658174,0.240097117,0.113321143,1
dia2_utt10,0.166431537,0.54259534,0.290973123,0
dia2_utt11,0.002702047,0.985492255,0.011805698,1
dia2_utt12,0.22429469,0.082009496,0.693695813,0
dia3_utt0,0.188970143,0.741237848,0.069792009,2
dia3_utt1,0.423143839,0.375061385,0.201794776,2
dia3_utt2,0.171269496,0.797654638,0.031075867,2
dia3_utt3,0.010910464,0.980452532,0.008637005,1
dia3_utt4,0.003264489,0.996495782,0.000239729,1
dia3_utt5,0.012049308,0.979015188,0.008935504,1
dia3_utt6,0.969814114,0.027977527,0.00220836,2
dia3_utt8,0.793928731,0.011420799,0.19465047,2
dia3_utt9,0.508227354,0.480255422,0.011517223,1
dia4_utt0,0.052453465,0.768021599,0.179524936,0
dia4_utt1,0.146325073,0.837093902,0.016581026,0
dia4_utt2,0.441353516,0.503518324,0.05512816,0
dia4_utt3,0.095303492,0.864832338,0.03986417,1
dia4_utt4,0.146745182,0.844304101,0.008950717,1
dia4_utt5,0.006349569,0.988216639,0.005433792,1
dia4_utt6,0.008740816,0.924363632,0.066895552,1
dia4_utt7,0.466231973,0.458416541,0.075351486,1
dia4_utt8,0.078984221,0.887028878,0.033986901,0
dia4_utt9,0.251384033,0.710722502,0.037893465,0
dia4_utt10,0.264100693,0.713803341,0.022095967,0
dia4_utt11,0.328239488,0.420283116,0.251477395,2
dia4_utt12,0.045772378,0.784946573,0.169281049,1
dia4_utt13,0.09673604,0.871042541,0.032221419,1
dia4_utt14,0.092447652,0.873873241,0.033679107,1
dia5_utt0,0.038898302,0.954687519,0.006414178,1
dia5_utt1,0.050546761,0.873438107,0.076015132,1
dia5_utt2,0.031038342,0.942418875,0.026542783,1
dia5_utt3,0.263710497,0.045764932,0.690524571,0
dia6_utt0,0.072772138,0.399969126,0.527258736,0
dia6_utt1,0.002388681,0.03075099,0.966860329,0
dia6_utt2,0.068943027,0.002973244,0.928083729,0
dia6_utt3,0.061002937,0.889459392,0.049537671,1
dia6_utt4,0.010518349,0.987441226,0.002040426,1
dia6_utt5,0.995649681,0.003912657,0.000437662,2
dia6_utt6,0.190340712,0.79989019,0.009769098,0
dia6_utt7,0.012577687,0.987402501,1.98E-05,1
dia6_utt8,0.541113634,0.445758767,0.013127599,2
dia6_utt9,0.999996413,2.19E-06,1.39E-06,2
dia6_utt10,0.999115109,0.000436113,0.000448778,2
dia6_utt11,0.583295539,0.378122396,0.038582065,2
dia6_utt12,0.08845843,0.910277653,0.001263917,1
dia6_utt13,0.002030203,0.994285093,0.003684705,1
dia6_utt14,0.184732236,0.746716238,0.068551526,2
dia6_utt15,0.997442415,0.002556899,6.86E-07,2
dia6_utt16,0.94547978,4.23E-05,0.054477922,2
dia6_utt17,0.998749908,2.39E-05,0.001226224,2
dia6_utt18,0.99999239,6.08E-09,7.60E-06,2
dia6_utt19,1,8.92E-13,3.43E-10,2
dia6_utt20,0.999999937,6.22E-08,4.22E-10,2
dia6_utt21,0.996161428,0.003574169,0.000264404,2
dia7_utt0,0.051862877,0.94685375,0.001283372,1
dia7_utt1,0.716123678,0.279916376,0.003959946,2
dia8_utt0,0.10851665,0.884396618,0.007086731,1
dia8_utt1,0.110571215,0.884126106,0.005302678,1
dia8_utt2,0.002732025,0.99697027,0.000297705,1
dia8_utt3,0.216950624,0.753584049,0.029465326,1
dia8_utt4,0.225686896,0.753022657,0.021290447,0
dia8_utt5,0.256967662,0.642401489,0.100630849,1
dia8_utt6,0.020315779,0.629912714,0.349771507,0
dia9_utt0,0.000285446,0.999573721,0.000140833,1
dia9_utt1,0.014319002,0.908227743,0.077453255,1
dia9_utt2,0.192368467,0.764703379,0.042928154,1
dia9_utt3,0.008463475,0.986768724,0.0047678,0
dia9_utt4,0.112339498,0.873005899,0.014654603,1
dia9_utt5,0.002529874,0.997181007,0.000289118,1
dia9_utt6,4.57E-05,0.998625195,0.00132913,1
dia9_utt7,0.255439366,0.734335442,0.010225192,1
dia9_utt8,0.414158585,0.538681731,0.047159684,1
dia9_utt9,0.144987369,0.8481954,0.006817231,0
dia9_utt10,0.613136539,0.350022819,0.036840642,1
dia9_utt11,0.218851015,0.763244115,0.01790487,1
dia9_utt12,0.198804561,0.693494664,0.107700774,2
dia9_utt13,0.290293757,0.684219228,0.025487015,2
dia10_utt0,0.855880724,0.143977644,0.000141633,2
dia10_utt1,0.997412892,0.000746935,0.001840173,2
dia10_utt2,0.495467957,0.116101045,0.388430998,2
dia10_utt3,0.018108612,0.670055464,0.311835924,2
dia10_utt4,0.93499826,0.059139773,0.005861967,2
dia10_utt5,0.99851236,0.001444719,4.29E-05,1
dia11_utt0,0.016489467,0.983249208,0.000261326,1
dia11_utt1,0.923219146,0.070055624,0.00672523,2
dia11_utt2,0.172547524,0.799467698,0.027984778,1
dia11_utt3,0.007986659,0.002451531,0.98956181,0
dia11_utt4,0.299427832,0.695195862,0.005376306,1
dia11_utt5,0.009905593,0.984708477,0.00538593,1
dia11_utt6,0.012156348,0.788144596,0.199699056,0
dia11_utt7,0.497511368,0.07779331,0.424695322,0
dia11_utt8,0.043400675,0.956533001,6.63E-05,0
dia11_utt9,0.359081992,0.579496649,0.061421359,0
dia12_utt0,0.588005821,0.401780937,0.010213243,1
dia12_utt1,0.578342503,0.403446739,0.018210758,0
dia12_utt2,0.40296587,0.590919079,0.006115051,2
dia12_utt3,0.419432554,0.57108259,0.009484856,2
dia12_utt4,0.578559426,0.405875222,0.015565353,2
dia12_utt5,0.191705219,0.586023684,0.222271097,1
dia12_utt6,0.388638248,0.596378817,0.014982935,2
dia12_utt7,0.069482219,0.772680935,0.157836846,1
dia12_utt8,0.491597913,0.47901116,0.029390926,2
dia12_utt9,0.593504493,0.39852737,0.007968138,2
dia12_utt10,0.741721575,0.23765691,0.020621515,2
dia12_utt11,0.731037192,0.232050418,0.03691239,2
dia13_utt0,0.156800603,0.3970747,0.446124698,0
dia13_utt1,0.009525839,0.988889466,0.001584696,1
dia13_utt2,0.012473847,0.97871527,0.008810884,0
dia13_utt3,3.62E-06,0.999903314,9.31E-05,1
dia14_utt0,0.003095372,0.996417674,0.000486954,1
dia14_utt1,6.14E-05,0.999928156,1.04E-05,1
dia14_utt2,0.063523537,0.862243979,0.074232483,1
dia14_utt3,0.107294596,0.644407606,0.248297798,0
dia14_utt4,0.84284323,0.156531673,0.000625097,1
dia14_utt5,0.000177304,0.998577613,0.001245083,1
dia15_utt0,0.368247288,0.583456256,0.048296456,2
dia15_utt1,0.22496688,0.731187093,0.043846027,1
dia15_utt2,0.401232184,0.548098168,0.050669648,1
dia15_utt3,0.3133345,0.672116766,0.014548734,2
dia15_utt4,0.33288121,0.655297594,0.011821196,2
dia15_utt5,0.440436465,0.503406641,0.056156894,2
dia15_utt6,0.825523198,0.134498909,0.039977893,2
dia15_utt7,0.507742523,0.478744388,0.013513089,2
dia15_utt8,0.204445929,0.778809608,0.016744463,1
dia15_utt9,0.660170468,0.324592875,0.015236657,2
dia15_utt10,0.515667833,0.474426889,0.009905278,1
dia15_utt11,0.477906173,0.506216384,0.015877443,1
dia15_utt12,0.510295514,0.458942589,0.030761897,1
dia15_utt13,0.279913163,0.699064087,0.021022749,1
dia15_utt14,0.000130477,0.999547166,0.000322357,1
dia15_utt15,0.085744585,0.273855826,0.640399588,0
dia15_utt16,0.2354943,0.740348247,0.024157453,2
dia15_utt17,0.090321759,0.900672821,0.009005419,2
dia15_utt18,0.439409241,0.177122866,0.383467893,2
dia15_utt19,0.326019401,0.655668,0.018312599,1
dia15_utt20,0.447755006,0.522545207,0.029699788,2
dia15_utt21,0.333446796,0.652853992,0.013699212,0
dia15_utt22,0.871428145,0.035831049,0.092740806,0
dia16_utt0,0.076721057,0.010752489,0.912526454,0
dia16_utt1,0.086226467,0.030870076,0.882903458,0
dia16_utt2,0.982943595,0.014080666,0.002975739,2
dia16_utt3,0.002711401,0.608299545,0.388989054,2
dia16_utt4,0.155162852,0.652276632,0.192560516,1
dia16_utt5,0.041605437,0.958148539,0.000246024,1
dia17_utt0,0.043424967,0.923560321,0.033014712,2
dia17_utt1,0.020146924,0.978567157,0.001285919,0
dia17_utt2,0.004954816,0.988806839,0.006238344,1
dia17_utt3,0.091642472,0.897761613,0.010595915,1
dia17_utt4,0.881400764,0.034673682,0.083925554,2
dia17_utt5,0.053518321,0.89852219,0.047959489,1
dia17_utt6,0.437810068,0.542377042,0.01981289,2
dia17_utt7,0.096256244,0.806451207,0.097292549,0
dia17_utt8,0.012900245,0.984750951,0.002348804,0
dia17_utt9,0.116846418,0.180933725,0.702219857,0
dia17_utt10,0.006906998,0.673793271,0.31929973,0
dia18_utt0,0.306780518,0.681559484,0.011659998,1
dia18_utt1,0.052002481,0.935438686,0.012558833,1
dia18_utt2,0.389378569,0.29092697,0.319694461,1
dia18_utt3,0.358204897,0.573142094,0.068653009,0
dia18_utt4,0.65063771,0.336025678,0.013336612,1
dia18_utt5,0.187629389,0.795572826,0.016797784,0
dia18_utt6,0.167008422,0.725087294,0.107904284,2
dia18_utt7,0.71821061,0.25527893,0.026510461,1
dia18_utt8,0.201059606,0.768407869,0.030532525,2
dia18_utt9,0.085208303,0.819504602,0.095287095,0
dia18_utt10,0.396302022,0.563950963,0.039747015,2
dia19_utt0,0.098771825,0.883629284,0.017598891,1
dia19_utt1,1.70E-05,0.999937248,4.58E-05,1
dia20_utt0,0.05140137,0.936860828,0.011737802,1
dia20_utt1,0.480927029,0.479125391,0.03994758,0
dia20_utt2,0.417942399,0.478269071,0.10378853,0
dia20_utt3,0.32355597,0.671158209,0.005285821,0
dia20_utt4,0.195269515,0.745958696,0.058771789,0
dia20_utt5,0.202033293,0.795919537,0.002047169,0
dia20_utt6,0.009043459,0.782947152,0.208009389,0
dia20_utt7,0.1858645,0.695740916,0.118394584,0
dia20_utt8,0.025725968,0.970639323,0.003634709,1
dia20_utt9,0.461138375,0.503598698,0.035262927,1
dia20_utt10,0.00500653,0.994500996,0.000492474,1
dia20_utt11,0.116635142,0.874264186,0.009100672,1
dia20_utt12,0.271185132,0.672300033,0.056514836,0
dia20_utt13,0.13207287,0.081476362,0.786450767,0
dia20_utt14,0.635821493,0.334191699,0.029986808,0
dia20_utt15,0.543552479,0.391218657,0.065228864,0
dia20_utt16,0.005547774,0.967056259,0.027395967,1
dia21_utt0,0.113821224,0.863330201,0.022848575,2
dia21_utt1,0.135614433,0.845923594,0.018461973,1
dia21_utt2,0.242301467,0.738339832,0.019358701,0
dia21_utt3,0.234028959,0.648425743,0.117545298,0
dia21_utt4,0.238642763,0.731283601,0.030073636,1
dia21_utt5,0.18860591,0.791864046,0.019530044,0
dia21_utt6,0.266062257,0.712006929,0.021930814,2
dia21_utt7,0.067074398,0.913529683,0.019395919,1
dia21_utt8,0.36283736,0.620385302,0.016777338,2
dia21_utt9,0.16889867,0.81194789,0.019153439,1
dia21_utt10,0.201418826,0.64879764,0.149783533,1
dia21_utt11,0.081191505,0.837217233,0.081591262,2
dia21_utt12,0.219967053,0.736320506,0.043712441,1
dia21_utt13,0.114836915,0.855520276,0.029642809,0
dia22_utt0,0.458209411,0.494436536,0.047354052,2
dia22_utt1,0.277260569,0.701241142,0.021498289,1
dia22_utt2,0.983394762,0.016281962,0.000323275,2
dia22_utt3,0.055477797,0.857782749,0.086739454,1
dia23_utt0,0.954605534,0.04028482,0.005109647,2
dia23_utt1,0.97487081,0.019613726,0.005515464,2
dia23_utt2,0.979485275,0.020421746,9.30E-05,2
dia23_utt3,0.03571932,0.835379422,0.128901258,0
dia23_utt4,0.512491073,0.476258091,0.011250836,1
dia23_utt5,0.002499259,0.997500226,5.15E-07,1
dia23_utt6,0.219201838,0.762987893,0.017810269,1
dia23_utt7,0.099804592,0.841778829,0.058416579,1
dia23_utt8,0.531507785,0.434440716,0.034051499,2
dia24_utt0,0.196304534,0.758548625,0.045146841,1
dia24_utt1,0.246784531,0.691224062,0.061991407,1
dia24_utt2,0.219389973,0.730959565,0.049650463,1
dia24_utt3,0.03514698,0.765672273,0.199180746,0
dia24_utt4,0.006143664,0.98255705,0.011299286,0
dia24_utt5,0.332714474,0.60156698,0.065718546,1
dia24_utt6,0.062654853,0.767482587,0.16986256,1
dia24_utt7,0.474739778,0.42571487,0.099545351,0
dia24_utt8,0.196839249,0.764841373,0.038319378,2
dia25_utt0,0.254403511,0.313558763,0.432037726,0
dia25_utt1,0.595908694,0.351255539,0.052835767,0
dia25_utt2,0.093458727,0.821926839,0.084614434,0
dia25_utt3,0.060556004,0.882338838,0.057105158,0
dia25_utt4,0.020673631,0.914825135,0.064501234,1
dia25_utt5,0.074315367,0.908262683,0.01742195,1
dia25_utt6,0.156738022,0.77160474,0.071657238,1
dia25_utt7,0.007672223,0.808848862,0.183478915,1
dia25_utt8,0.065744126,0.894547212,0.039708661,1
dia25_utt9,0.06341274,0.882703952,0.053883308,1
dia25_utt10,0.1286337,0.833422655,0.037943644,1
dia25_utt11,0.042271628,0.763452401,0.194275971,0
dia25_utt12,0.279032759,0.649511166,0.071456075,1
dia25_utt13,0.253880612,0.737167955,0.008951433,1
dia26_utt0,0.664521633,0.32484009,0.010638277,2
dia26_utt1,0.294700185,0.682987261,0.022312554,1
dia26_utt2,0.453122053,0.316595581,0.230282365,0
dia26_utt3,0.088610599,0.900496309,0.010893092,1
dia26_utt4,0.02396714,0.972346807,0.003686053,1
dia26_utt5,0.016660017,0.880486632,0.102853351,0
dia26_utt6,0.056531563,0.887304028,0.05616441,0
dia26_utt7,0.0662396,0.004008874,0.929751526,0
dia26_utt8,0.007295869,0.956452669,0.036251461,1
dia26_utt9,0.095977739,0.891906731,0.01211553,1
dia26_utt10,0.172694404,0.749020025,0.07828557,1
dia26_utt11,0.611476111,0.368046856,0.020477033,2
dia26_utt12,0.182763166,0.779493608,0.037743227,1
dia26_utt13,0.95168024,0.044975765,0.003343995,1
dia27_utt0,0.236331595,0.717457712,0.046210693,2
dia27_utt1,0.175012436,0.750555569,0.074431994,0
dia28_utt0,0.620337215,0.344450273,0.035212512,2
dia28_utt1,0.870760975,0.129216841,2.22E-05,2
dia28_utt2,0.00083694,0.314794191,0.684368869,2
dia28_utt3,0.37134785,0.500414742,0.128237408,0
dia28_utt4,0.113921361,0.86829254,0.017786099,2
dia28_utt5,0.007041334,0.991827799,0.001130868,0
dia28_utt6,0.292860169,0.647627155,0.059512676,2
dia28_utt7,0.194001487,0.786056263,0.01994225,2
dia29_utt0,0.22832723,0.743700566,0.027972204,0
dia29_utt1,0.188838094,0.789959719,0.021202187,0
dia29_utt2,0.330351554,0.626345708,0.043302738,1
dia29_utt3,0.118041832,0.858189438,0.02376873,0
dia29_utt4,0.58433418,0.385267348,0.030398472,2
dia29_utt6,0.454952513,0.519793631,0.025253856,2
dia29_utt7,0.291814688,0.671662125,0.036523187,2
dia29_utt8,0.988293603,0.011139304,0.000567093,2
dia29_utt9,0.56991327,0.401043555,0.029043176,1
dia29_utt10,0.850507724,0.130853345,0.018638931,2
dia29_utt11,0.454740181,0.504570944,0.040688875,2
dia29_utt12,0.063174499,0.864227932,0.072597569,0
dia29_utt13,0.215015018,0.750109411,0.034875571,1
dia30_utt0,0.193228334,0.741572028,0.065199638,1
dia30_utt1,0.011388085,0.84968719,0.138924726,0
dia30_utt2,0.027058718,0.951044838,0.021896444,1
dia30_utt3,0.010058962,0.983610761,0.006330277,1
dia30_utt4,0.1251409,0.843209399,0.031649701,2
dia30_utt5,0.010548484,0.868510225,0.120941291,0
dia30_utt6,0.740803627,0.144240973,0.1149554,2
dia30_utt7,0.248153628,0.690842705,0.061003667,2
dia30_utt8,0.295030524,0.689520725,0.015448751,1
dia30_utt9,0.019838694,0.970485117,0.009676189,1
dia30_utt10,0.087833137,0.874334059,0.037832804,1
dia30_utt11,0.75144511,0.214802864,0.033752026,2
dia30_utt12,0.024639932,0.937706258,0.03765381,1
dia30_utt13,0.182869974,0.790784332,0.026345694,1
dia30_utt14,0.29292454,0.646120136,0.060955324,2
dia30_utt15,0.571655773,0.373575938,0.054768289,2
dia31_utt0,0.051082981,0.9074193,0.041497719,1
dia31_utt1,0.118892631,0.874824259,0.00628311,1
dia31_utt2,0.316599834,0.663638458,0.019761707,1
dia31_utt3,0.251249031,0.720118836,0.028632133,1
dia32_utt0,0.485074773,0.513074918,0.001850309,2
dia32_utt1,0.194275707,0.782778021,0.022946273,1
dia32_utt2,0.215348511,0.77551819,0.009133299,2
dia32_utt3,0.010954452,0.987801182,0.001244366,1
dia32_utt4,0.275081342,0.713644474,0.011274184,0
dia32_utt5,0.019008417,0.980868904,0.00012268,1
dia32_utt6,0.126836441,0.790406022,0.082757537,0
dia32_utt7,0.102256423,0.025128719,0.872614858,0
dia32_utt8,0.189818615,0.783204837,0.026976547,1
dia32_utt9,0.314651074,0.641253628,0.044095298,2
dia32_utt10,0.057542383,0.847352023,0.095105594,0
dia32_utt11,0.109893737,0.438126068,0.451980195,0
dia32_utt12,0.331847427,0.641913814,0.026238758,2
dia32_utt13,0.896111343,0.103433698,0.000454959,2
dia32_utt14,0.35947645,0.621731759,0.018791791,2
dia32_utt15,0.139000846,0.849362222,0.011636933,1
dia32_utt16,0.126680377,0.854413457,0.018906166,1
dia32_utt17,0.230768491,0.725740373,0.043491137,2
dia32_utt18,0.335640206,0.644766008,0.019593786,1
dia33_utt0,0.171717141,0.823840889,0.004441969,2
dia33_utt1,0.507072466,0.31363596,0.179291574,0
dia33_utt2,0.382059868,0.540203568,0.077736564,1
dia33_utt3,0.291721612,0.677178985,0.031099403,1
dia33_utt4,0.289281546,0.654971694,0.05574676,0
dia33_utt5,0.200039974,0.744912022,0.055048004,1
dia33_utt6,0.340961399,0.583261138,0.075777463,1
dia33_utt7,0.08175955,0.906870984,0.011369466,1
dia33_utt8,0.263450786,0.718089995,0.018459219,0
dia33_utt9,0.345262273,0.619949932,0.034787795,0
dia33_utt10,0.291372288,0.687446009,0.021181704,1
dia34_utt0,0.000249262,0.998958834,0.000791903,1
dia34_utt1,0.001803982,0.997713019,0.000483,1
dia34_utt2,0.007101678,0.982179443,0.01071888,1
dia34_utt3,0.000566335,0.020907956,0.978525709,0
dia34_utt4,0.072879161,0.891454733,0.035666106,1
dia34_utt5,0.07662972,0.894543797,0.028826484,1
dia34_utt6,0.025916447,0.944814811,0.029268742,1
dia34_utt7,0.300742664,0.686479931,0.012777405,1
dia34_utt8,0.006676717,0.990011993,0.003311289,1
dia34_utt9,0.024351142,0.736699766,0.238949091,0
dia34_utt10,0.061180804,0.891189913,0.047629283,1
dia34_utt11,0.000235647,0.980380328,0.019384025,1
dia34_utt12,0.023714034,0.963019726,0.01326624,1
dia34_utt13,0.075895116,0.905215598,0.018889286,2
dia35_utt0,0.280556926,0.601338547,0.118104527,0
dia35_utt1,0.260681606,0.689131083,0.05018731,0
dia35_utt2,0.142360173,0.765084185,0.092555642,0
dia35_utt3,0.181657865,0.746029092,0.072313043,0
dia35_utt4,0.145774929,0.832304061,0.02192101,0
dia35_utt5,0.174920539,0.786794789,0.038284672,0
dia36_utt0,0.246469101,0.741564698,0.011966201,1
dia36_utt1,0.058643453,0.928709994,0.012646553,1
dia36_utt2,0.24591292,0.746285456,0.007801624,1
dia36_utt3,0.095865298,0.900092154,0.004042548,1
dia36_utt4,0.636042682,0.316234212,0.047723105,2
dia36_utt5,0.451419337,0.466207828,0.082372835,2
dia37_utt0,0.227345462,0.760511888,0.01214265,1
dia37_utt1,0.363484432,0.575757612,0.060757956,0
dia37_utt2,0.195438419,0.69501552,0.109546061,0
dia37_utt3,0.38422446,0.568700188,0.047075351,2
dia38_utt0,0.116439429,0.883040975,0.000519596,2
dia38_utt1,0.000105016,0.999130267,0.000764716,1
dia38_utt2,1.90E-06,0.003387179,0.996610918,0
dia38_utt3,0.001058777,0.99880343,0.000137793,1
dia38_utt4,0.772121805,0.226967571,0.000910623,2
dia38_utt5,0.001956104,0.998016312,2.76E-05,1
dia38_utt6,0.880165409,0.112071136,0.007763455,2
dia38_utt7,0.017603345,0.011046946,0.971349709,0
dia38_utt8,0.007041683,0.275804194,0.717154123,0
dia38_utt9,0.00107033,0.000997073,0.997932597,0
dia38_utt10,0.999995687,1.25E-09,4.31E-06,2
dia38_utt11,0.995570983,5.56E-13,0.004429017,2
dia39_utt0,0.437127029,0.539409845,0.023463126,2
dia39_utt1,0.396387463,0.478535635,0.125076902,2
dia39_utt2,0.834256192,0.158130588,0.007613221,2
dia39_utt3,0.43378637,0.562257855,0.003955776,2
dia39_utt4,0.515965451,0.478370152,0.005664398,2
dia39_utt5,0.986873035,0.013114082,1.29E-05,2
dia39_utt6,0.928039763,0.070925444,0.001034794,2
dia39_utt7,0.166757763,0.801437313,0.031804925,0
dia39_utt8,0.339444497,0.581384113,0.079171389,1
dia39_utt9,0.343907658,0.637247245,0.018845097,1
dia39_utt10,0.388469784,0.607112694,0.004417522,2
dia39_utt11,0.155493098,0.819857222,0.02464968,1
dia39_utt12,0.189731127,0.803643496,0.006625377,1
dia39_utt13,0.120484915,0.871697958,0.007817127,1
dia39_utt14,0.378945726,0.579705599,0.041348675,1
dia39_utt15,0.231273393,0.734573295,0.034153312,2
dia39_utt16,0.293591318,0.674571935,0.031836747,2
dia39_utt17,0.203185451,0.763005471,0.033809078,2
dia39_utt18,0.077926791,0.912935279,0.00913793,2
dia40_utt0,0.967881633,0.007323791,0.024794577,2
dia40_utt1,0.002155455,0.99733499,0.000509556,2
dia40_utt2,1.63E-07,0.999953587,4.62E-05,1
dia40_utt3,1.26E-05,0.998857317,0.001130057,1
dia40_utt4,0.036575223,0.953808814,0.009615964,1
dia40_utt5,0.000170542,0.999829458,2.24E-12,1
dia40_utt6,0.001945858,0.000273836,0.997780306,0
dia40_utt7,0.879165272,0.010092298,0.11074243,1
dia40_utt8,0.952161199,0.044218636,0.003620165,2
dia40_utt9,0.995895317,3.57E-06,0.00410111,2
dia40_utt10,0.014303276,0.983484307,0.002212417,1
dia40_utt11,0.232549729,0.084126457,0.683323813,2
dia40_utt12,3.37E-05,0.990314797,0.009651461,0
dia40_utt13,0.994116866,0.005633515,0.000249619,2
dia40_utt14,0.991246652,0.007777754,0.000975594,2
dia41_utt0,0.675611407,0.314734354,0.009654239,2
dia41_utt1,0.805306021,0.189015133,0.005678845,2
dia41_utt2,0.035133023,0.946387007,0.018479969,1
dia41_utt3,0.231581533,0.76557589,0.002842577,1
dia41_utt4,0.341794848,0.641444415,0.016760737,1
dia41_utt5,0.97300747,0.026942504,5.00E-05,2
dia41_utt6,0.376975589,0.611227071,0.01179734,1
dia41_utt7,0.426509428,0.551227841,0.022262731,1
dia41_utt8,0.121001065,0.878499899,0.000499036,1
dia41_utt9,0.017131251,0.980954554,0.001914194,1
dia41_utt10,0.008627905,0.990252694,0.001119402,1
dia41_utt11,0.003517933,0.996244194,0.000237873,1
dia41_utt12,0.120785014,0.869753915,0.009461071,2
dia41_utt13,0.878178786,0.107313687,0.014507527,1
dia41_utt14,0.785243683,0.198613373,0.016142944,2
dia41_utt15,0.837404373,0.159316399,0.003279228,2
dia42_utt0,0.231306982,0.754242296,0.014450722,1
dia42_utt1,0.378362817,0.608096561,0.013540621,2
dia43_utt0,0.477171254,0.496335683,0.026493063,1
dia43_utt1,0.296713555,0.680150535,0.02313591,1
dia43_utt2,0.424285252,0.570070125,0.005644623,1
dia43_utt3,0.259156134,0.7253751,0.015468765,1
dia43_utt4,0.557628158,0.429753723,0.012618119,1
dia43_utt5,0.02192278,0.977923664,0.000153556,1
dia43_utt6,0.227975822,0.767756681,0.004267497,1
dia44_utt0,0.156221,0.829689051,0.014089949,1
dia44_utt1,0.491584675,0.479358957,0.029056368,0
dia44_utt2,0.36686879,0.614126269,0.019004941,1
dia45_utt0,0.600945149,0.344339423,0.054715427,2
dia45_utt1,0.344235628,0.63418738,0.021576992,2
dia45_utt2,0.331312998,0.604914361,0.06377264,1
dia45_utt3,0.321855964,0.643929284,0.034214752,2
dia45_utt4,0.428535359,0.543927489,0.027537152,1
dia46_utt0,9.80E-06,0.9022752,0.097714995,0
dia46_utt1,0.914723839,0.02617065,0.059105512,2
dia46_utt2,0.798339295,0.173695177,0.027965528,2
dia46_utt3,0.686773038,0.279791562,0.033435401,0
dia46_utt4,0.381726722,0.439846405,0.178426873,1
dia46_utt5,0.055349373,0.936477362,0.008173265,1
dia46_utt6,0.947932397,0.047655871,0.004411733,2
dia46_utt7,0.433840524,0.491687937,0.07447154,0
dia46_utt8,0.019239066,0.000549513,0.98021142,0
dia46_utt9,0.385186772,0.283324263,0.331488965,0
dia46_utt10,0.66408486,0.330046274,0.005868866,1
dia46_utt11,0.998671722,0.000217333,0.001110945,2
dia46_utt12,0.540434367,0.416799308,0.042766325,0
dia46_utt13,0.410131645,0.525617723,0.064250632,2
dia46_utt14,0.044427974,0.800490595,0.155081431,0
dia47_utt0,0.005779594,0.961301408,0.032918998,1
dia47_utt1,0.150221241,0.778534398,0.071244362,1
dia47_utt2,0.004067323,0.974719645,0.021213032,1
dia47_utt3,0.218985378,0.777706341,0.003308281,1
dia47_utt4,0.137581887,0.759641275,0.102776838,1
dia47_utt5,4.79E-05,0.999313294,0.00063878,1
dia47_utt6,0.112875613,0.846081849,0.041042538,1
dia47_utt7,0.384513744,0.555594747,0.059891509,0
dia47_utt8,0.001673878,0.998045299,0.000280823,1
dia47_utt9,0.07163711,0.912866393,0.015496498,1
dia47_utt11,0.01964965,0.873526158,0.106824192,0
dia47_utt12,0.032843345,0.897163214,0.069993441,1
dia47_utt13,0.178636671,0.79437683,0.026986499,0
dia47_utt14,0.063805631,0.845526884,0.090667485,1
dia47_utt15,0.158646436,0.617893332,0.223460232,0
dia47_utt16,0.413965988,0.438026522,0.14800749,0
dia47_utt17,0.049901521,0.90385623,0.046242248,1
dia48_utt0,0.361247567,0.629336958,0.009415475,1
dia49_utt0,0.000533115,0.99757709,0.001889795,1
dia49_utt1,0.196924639,0.803065887,9.47E-06,1
dia49_utt2,0.128237658,0.859907764,0.011854577,2
dia49_utt3,0.474088157,0.48232924,0.043582603,0
dia49_utt4,0.334526935,0.635215714,0.030257351,2
dia49_utt5,0.003515387,0.996279221,0.000205391,1
dia49_utt6,0.00557649,0.994351569,7.19E-05,1
dia49_utt7,0.089850132,0.906186507,0.003963361,1
dia49_utt8,0.006758015,0.992660627,0.000581358,1
dia49_utt9,0.386566851,0.493726284,0.119706864,0
dia49_utt10,0.634055502,0.311328769,0.05461573,1
dia49_utt11,0.423924841,0.472660091,0.103415068,1
dia49_utt12,0.219384072,0.765356332,0.015259596,2
dia49_utt13,0.900003445,0.005053845,0.09494271,2
dia49_utt14,0.304380362,0.608665115,0.086954523,1
dia49_utt15,0.010709178,0.988400729,0.000890093,2
dia49_utt16,0.006846447,0.99315347,8.26E-08,1
dia49_utt17,0.200539027,0.769531501,0.029929472,1
dia49_utt18,0.441226262,0.452768796,0.106004943,0
dia49_utt19,0.03187401,0.963666023,0.004459967,1
dia49_utt20,0.481486537,0.141532518,0.376980945,0
dia49_utt21,0.670909946,0.23880275,0.090287304,2
dia50_utt0,0.41247723,0.39994536,0.18757741,0
dia50_utt1,0.114710867,0.83465524,0.050633893,2
dia50_utt2,0.020288389,0.914286728,0.065424883,0
dia50_utt3,0.059482418,0.919597894,0.020919688,1
dia50_utt4,0.263294244,0.7199165,0.016789256,1
dia50_utt5,0.263294244,0.7199165,0.016789256,2
dia50_utt6,0.332882352,0.64602631,0.021091338,2
dia50_utt7,0.254704166,0.743291415,0.002004419,2
dia50_utt8,0.540881962,0.260729883,0.198388155,0
dia50_utt9,0.322035804,0.226362994,0.451601202,2
dia50_utt10,0.546242845,0.426247062,0.027510093,2
dia50_utt11,0.010623383,0.764133482,0.225243135,1
dia50_utt12,0.00639695,0.993596118,6.93E-06,1
dia50_utt13,0.349776646,0.584228576,0.065994778,2
dia50_utt14,0.419496101,0.578743047,0.001760852,2
dia50_utt15,0.133198866,0.837028609,0.029772525,2
dia50_utt16,0.002845944,0.984649183,0.012504873,1
dia51_utt0,0.151146634,0.82261003,0.026243335,1
dia51_utt1,0.252866405,0.729271594,0.017862002,2
dia51_utt2,0.40390571,0.571519474,0.024574816,1
dia51_utt3,0.945174856,0.049307627,0.005517517,2
dia51_utt4,0.560237342,0.433794183,0.005968475,2
dia51_utt5,0.525859334,0.454266913,0.019873753,2
dia51_utt6,0.690455662,0.303963421,0.005580917,2
dia51_utt7,0.962797223,0.034257104,0.002945673,2
dia51_utt8,0.558485866,0.437101575,0.004412559,2
dia51_utt9,0.994854829,0.003580391,0.00156478,2
dia51_utt10,0.79010935,0.17187154,0.03801911,2
dia52_utt0,0.193000557,0.803894776,0.003104667,1
dia52_utt1,0.267649757,0.729166208,0.003184035,0
dia52_utt2,0.058959954,0.89336595,0.047674096,1
dia52_utt3,0.270314404,0.70927762,0.020407976,1
dia52_utt4,0.198724771,0.786172756,0.015102473,1
dia52_utt5,0.201835763,0.775046854,0.023117382,1
dia52_utt6,0.139279304,0.841715252,0.019005444,1
dia52_utt7,0.749338322,0.241793738,0.00886794,1
dia52_utt8,0.030570441,0.969293333,0.000136226,1
dia52_utt9,0.336407938,0.657576442,0.00601562,1
dia52_utt10,0.486661697,0.499698525,0.013639778,1
dia52_utt11,0.011433041,0.967759774,0.020807185,1
dia53_utt0,0.05600114,0.893743313,0.050255547,0
dia53_utt1,0.112651643,0.826759032,0.060589325,0
dia53_utt2,0.100864328,0.825189407,0.073946265,1
dia53_utt3,0.174080781,0.792897725,0.033021494,1
dia53_utt4,0.189612319,0.793365342,0.017022339,1
dia53_utt5,0.077055344,0.918393859,0.004550797,1
dia53_utt6,0.19107091,0.787904062,0.021025028,0
dia53_utt7,0.158102463,0.830014315,0.011883222,1
dia53_utt8,0.370659035,0.61865399,0.010686975,0
dia54_utt0,0.641740509,0.329392903,0.028866588,2
dia54_utt1,0.970319682,0.025327136,0.004353182,2
dia54_utt2,0.281681324,0.706034197,0.012284479,2
dia54_utt3,0.607495939,0.276105732,0.116398328,2
dia54_utt4,0.992063676,0.004352319,0.003584006,2
dia54_utt5,0.0758765,0.912744655,0.011378845,1
dia54_utt6,0.054846595,0.120464562,0.824688843,0
dia54_utt7,0.880199581,0.079093877,0.040706542,2
dia54_utt8,0.870714813,0.127909614,0.001375573,2
dia54_utt9,0.182889963,0.089394164,0.727715873,0
dia54_utt10,0.274471086,0.724854851,0.000674063,1
dia54_utt11,0.099079418,0.208402567,0.692518015,1
dia54_utt12,0.95482577,0.016610543,0.028563687,2
dia54_utt13,0.777674187,0.195086749,0.027239064,2
dia54_utt14,0.78056441,0.195184913,0.024250677,2
dia54_utt15,0.387104827,0.536453477,0.076441696,2
dia54_utt16,0.195019851,0.722058761,0.082921388,2
dia54_utt17,0.024299332,0.826240521,0.149460147,0
dia54_utt18,0.320266069,0.468906368,0.210827562,0
dia54_utt19,0.265782485,0.71094797,0.023269545,0
dia54_utt20,0.122531671,0.564948904,0.312519425,0
dia54_utt21,0.000749557,0.999238453,1.20E-05,1
dia54_utt22,0.014522935,0.456341229,0.529135837,0
dia54_utt23,0.286043142,0.557717164,0.156239694,2
dia55_utt0,0.010117166,0.946269979,0.043612855,0
dia55_utt1,0.540189239,0.423354552,0.036456209,0
dia55_utt2,0.117088946,0.876385835,0.006525218,1
dia55_utt3,0.298188381,0.602441273,0.099370346,0
dia55_utt4,0.065073797,0.934896488,2.97E-05,1
dia55_utt5,0.031188608,0.023808575,0.945002818,0
dia55_utt6,0.720366243,0.254350792,0.025282965,0
dia55_utt7,0.010113051,0.988836101,0.001050848,1
dia55_utt8,0.345876214,0.615432369,0.038691417,0
dia55_utt9,0.20556478,0.779714057,0.014721164,0
dia55_utt10,0.071201723,0.78049762,0.148300657,0
dia55_utt11,0.096665402,0.903334126,4.72E-07,0
dia55_utt12,3.72E-05,0.999911723,5.11E-05,0
dia55_utt13,0.005211316,0.090882896,0.903905789,0
dia55_utt14,0.035826105,0.903140689,0.061033206,0
dia55_utt15,0.224563295,0.744456732,0.030979973,0
dia55_utt16,0.548221686,0.449917018,0.001861297,1
dia56_utt0,0.171611392,0.768563003,0.059825604,0
dia56_utt1,0.08743518,0.859642566,0.052922254,1
dia56_utt2,0.181311921,0.673863106,0.144824973,0
dia56_utt3,0.252804799,0.660704181,0.08649102,1
dia56_utt4,0.205411617,0.755351717,0.039236665,1
dia56_utt5,0.114858,0.813099341,0.072042659,1
dia56_utt6,0.12307756,0.849531089,0.027391352,0
dia57_utt1,0.307690968,0.650041986,0.042267046,1
dia57_utt2,0.313590072,0.679020693,0.007389235,2
dia57_utt3,0.368786808,0.583216269,0.047996923,2
dia58_utt0,0.097681499,0.891843163,0.010475338,1
dia58_utt1,0.015637472,0.983377856,0.000984672,1
dia58_utt2,0.330305882,0.573675985,0.096018133,0
dia58_utt3,0.008326655,0.990540617,0.001132728,1
dia58_utt4,0.299943038,0.653102861,0.046954101,2
dia58_utt5,0.222591529,0.712580435,0.064828036,0
dia58_utt6,0.110374484,0.88266229,0.006963226,1
dia58_utt7,0.251793294,0.710142683,0.038064023,1
dia58_utt8,0.189719607,0.807281167,0.002999226,1
dia58_utt9,0.10058435,0.877563658,0.021851992,1
dia59_utt0,0.197333989,0.647597948,0.155068062,1
dia59_utt1,0.380972057,0.141037106,0.477990837,0
dia59_utt2,0.408525636,0.582414166,0.009060198,1
dia59_utt3,0.237854781,0.422038197,0.340107022,0
dia59_utt4,0.120011367,0.872951758,0.007036875,0
dia59_utt5,0.150162987,0.840209639,0.009627374,0
dia59_utt6,0.006445543,0.732298537,0.26125592,0
dia59_utt7,0.03960502,0.529186772,0.431208208,0
dia59_utt8,0.061047046,0.131199292,0.807753662,0
dia59_utt9,0.335438073,0.64886196,0.015699967,0
dia61_utt0,0.254503482,0.73448303,0.011013488,1
dia61_utt1,0.124353003,0.822320136,0.053326861,0
dia61_utt2,0.067014834,0.682374411,0.250610755,0
dia61_utt3,0.191433818,0.79719032,0.011375862,1
dia61_utt4,0.204682082,0.788128761,0.007189158,1
dia61_utt5,0.443727998,0.5423919,0.013880102,2
dia61_utt6,0.032426627,0.963761562,0.003811811,0
dia61_utt7,0.493547568,0.000220417,0.506232015,2
dia61_utt8,0.001175288,3.58E-05,0.998788862,0
dia62_utt0,0.028851085,0.954703633,0.016445282,1
dia62_utt1,4.26E-05,0.99326843,0.006688974,0
dia62_utt2,0.026855004,0.973114461,3.05E-05,1
dia62_utt3,6.89E-05,0.000847636,0.999083447,0
dia62_utt5,0.429651822,0.424389203,0.145958975,0
dia62_utt6,0.000115868,0.997919827,0.001964305,1
dia62_utt7,0.176811219,0.76629187,0.056896912,1
dia62_utt8,0.000450125,0.970062723,0.029487153,1
dia62_utt9,0.217155549,0.747839215,0.035005236,2
dia62_utt10,0.458712248,0.512098676,0.029189077,2
dia62_utt11,0.00362454,0.994236855,0.002138605,1
dia63_utt0,0.090660304,0.740251871,0.169087825,0
dia63_utt1,0.259795599,0.698891516,0.041312885,1
dia63_utt2,0.226479129,0.699596732,0.073924138,0
dia63_utt3,0.290726946,0.469999818,0.239273236,2
dia63_utt4,0.213885492,0.759361954,0.026752554,0
dia63_utt5,0.341862135,0.623723795,0.03441407,2
dia63_utt6,0.153656821,0.802047756,0.044295423,1
dia63_utt7,0.211955167,0.728132414,0.059912419,2
dia64_utt0,0.45602497,0.500085144,0.043889886,2
dia64_utt1,0.055918827,0.731795717,0.212285456,1
dia64_utt2,0.402926745,0.494535141,0.102538113,1
dia64_utt3,0.114772587,0.875870407,0.009357006,1
dia64_utt4,0.23142489,0.695668011,0.072907099,1
dia64_utt5,0.116930733,0.040715384,0.842353883,0
dia64_utt6,0.145332494,0.841931898,0.012735608,1
dia64_utt7,0.441746934,0.521364657,0.036888409,0
dia64_utt8,5.98E-05,0.999834335,0.000105842,0
dia64_utt9,0.779183156,0.111501975,0.109314869,2
dia64_utt10,0.41447066,0.558517481,0.027011859,1
dia64_utt11,0.893363818,0.017778163,0.088858019,2
dia64_utt12,0.318860322,0.631025504,0.050114174,1
dia65_utt0,0.340411275,0.60627616,0.053312565,0
dia65_utt1,0.272216627,0.678057008,0.049726365,0
dia65_utt2,0.255470319,0.721824147,0.022705534,1
dia65_utt3,0.209518023,0.747225987,0.04325599,0
dia66_utt1,0.631705186,0.306710691,0.061584123,1
dia66_utt2,0.854806531,0.126976251,0.018217218,1
dia66_utt3,0.103143337,0.892669069,0.004187594,1
dia66_utt4,0.037452717,0.888291424,0.074255859,1
dia66_utt5,0.814626035,0.063397306,0.121976659,2
dia66_utt6,0.460739079,0.444381171,0.094879751,1
dia66_utt7,0.574801729,0.411233248,0.013965022,1
dia66_utt8,0.643297477,0.124784164,0.231918359,2
dia66_utt9,0.419194524,0.570420404,0.010385072,0
dia66_utt10,0.505062358,0.475306875,0.019630768,0
dia66_utt11,0.396679813,0.589988389,0.013331798,2
dia66_utt12,0.281373365,0.57599904,0.142627595,1
dia67_utt0,0.008497302,0.815266133,0.176236565,0
dia67_utt1,0.019339348,0.931028569,0.049632083,1
dia67_utt2,0.11420684,0.759578403,0.126214756,0
dia67_utt3,0.09918238,0.847591401,0.053226219,1
dia67_utt5,0.337550354,0.402677878,0.259771769,0
dia67_utt6,0.646652371,0.337024131,0.016323499,2
dia67_utt7,0.586099724,0.341183204,0.072717071,0
dia67_utt8,0.416822411,0.395378758,0.187798832,0
dia67_utt9,0.335487762,0.623263811,0.041248427,1
dia67_utt10,0.553827266,0.035288837,0.410883897,0
dia67_utt11,0.023230303,0.804825693,0.171944005,0
dia67_utt12,0.129382628,0.832026065,0.038591307,1
dia67_utt13,0.208686865,0.756800839,0.034512296,1
dia67_utt14,0.479283315,0.369465809,0.151250876,1
dia67_utt15,0.641064198,0.341580651,0.017355151,2
dia68_utt0,0.405897113,0.534641251,0.059461636,2
dia68_utt1,0.481136416,0.496679109,0.022184475,0
dia68_utt2,0.192411619,0.80294172,0.004646661,1
dia68_utt3,0.347789078,0.642773165,0.009437757,2
dia69_utt0,0.160138295,0.786843336,0.053018369,0
dia69_utt1,0.157651971,0.808070092,0.034277937,1
dia69_utt2,0.036372825,0.945809869,0.017817307,1
dia69_utt3,0.302520998,0.659125498,0.038353505,2
dia69_utt4,0.668669247,0.313266402,0.018064351,2
dia69_utt5,0.014235994,0.942319305,0.0434447,1
dia69_utt6,0.068899012,0.91486234,0.016238648,2
dia70_utt0,0.561308473,0.418438799,0.020252728,0
dia70_utt1,0.2541463,0.741570177,0.004283523,1
dia70_utt2,0.31642936,0.664228821,0.019341819,1
dia70_utt3,0.303367833,0.664665486,0.031966681,1
dia70_utt4,0.250472436,0.737198831,0.012328733,1
dia70_utt5,0.273546534,0.662240787,0.064212679,2
dia70_utt6,0.170616128,0.80716935,0.022214522,1
dia70_utt7,0.410190455,0.562572846,0.027236699,2
dia70_utt8,0.459687532,0.488155778,0.05215669,2
dia71_utt0,5.55E-09,0.999923574,7.64E-05,1
dia71_utt1,0.008460109,0.986733629,0.004806263,1
dia72_utt0,0.256732335,0.584861622,0.158406043,1
dia72_utt1,0.239961132,0.700271057,0.059767811,2
dia72_utt2,0.168281167,0.786087156,0.045631678,1
dia72_utt3,0.675046675,0.140776491,0.184176834,2
dia72_utt4,0.117450211,0.802261093,0.080288695,1
dia72_utt5,0.147395891,0.846367831,0.006236278,1
dia72_utt6,0.230362129,0.739891811,0.02974606,1
dia72_utt7,0.358415941,0.59291568,0.048668379,1
dia73_utt0,0.074907278,0.920585539,0.004507183,1
dia73_utt1,0.025350318,0.971011237,0.003638446,0
dia73_utt2,0.022547772,0.970659748,0.00679248,0
dia73_utt3,0.147271179,0.843532419,0.009196402,1
dia73_utt4,0.137422179,0.858011117,0.004566704,1
dia73_utt5,0.187304013,0.786481902,0.026214085,1
dia73_utt6,0.164861567,0.764782302,0.070356131,0
dia73_utt7,0.160610522,0.820443713,0.018945765,1
dia73_utt8,0.189398587,0.792484681,0.018116732,1
dia73_utt9,0.177198702,0.810556422,0.012244876,1
dia73_utt10,0.151975033,0.83880872,0.009216247,2
dia73_utt11,0.074090896,0.879091752,0.046817351,1
dia74_utt0,0.317462585,0.369413506,0.313123909,0
dia74_utt1,0.949736353,0.002300315,0.047963332,1
dia74_utt2,0.147221122,0.843361368,0.00941751,1
dia74_utt3,0.247199625,0.747528945,0.005271429,1
dia74_utt4,0.441011023,0.510888274,0.048100703,2
dia74_utt5,0.986474414,0.00960416,0.003921426,2
dia74_utt6,0.015639064,0.983383771,0.000977165,2
dia75_utt0,0.014907301,0.985067051,2.56E-05,1
dia76_utt0,0.003567102,0.983951935,0.012480963,1
dia76_utt1,0.233300082,0.158957654,0.607742264,1
dia76_utt2,0.003025605,0.995083926,0.001890469,1
dia76_utt3,0.018366331,0.973699909,0.00793376,1
dia76_utt4,0.000861756,0.991341132,0.007797112,1
dia76_utt5,0.076637197,0.902478551,0.020884251,0
dia76_utt6,0.023555795,0.647761479,0.328682726,0
dia76_utt7,0.054198013,0.945645686,0.0001563,2
dia77_utt0,3.07E-07,0.999993141,6.55E-06,1
dia77_utt1,1.44E-08,0.999999971,1.43E-08,1
dia77_utt2,3.44E-05,0.999335838,0.00062973,1
dia77_utt3,0.000621897,0.999360227,1.79E-05,1
dia77_utt4,5.42E-05,0.002292102,0.997653693,0
dia78_utt0,0.17309219,0.781742158,0.045165652,0
dia78_utt1,0.436868736,0.487895303,0.075235961,2
dia78_utt2,0.795456115,0.202438956,0.002104929,2
dia78_utt3,0.280125556,0.6890301,0.030844344,1
dia78_utt4,0.901366958,0.072664557,0.025968485,2
dia78_utt5,0.406609116,0.451329011,0.142061873,2
dia79_utt0,0.311542147,0.651634473,0.03682338,1
dia79_utt1,0.93045433,0.069388778,0.000156892,2
dia79_utt2,0.24788933,0.691166287,0.060944383,0
dia79_utt3,0.469823564,0.364353264,0.165823172,0
dia79_utt4,0.155018741,0.803912615,0.041068644,1
dia79_utt5,0.726000124,0.264195308,0.009804567,2
dia79_utt6,0.28847327,0.601713559,0.109813171,1
dia79_utt7,0.054313739,0.920350419,0.025335842,1
dia80_utt0,0.084736721,0.868052119,0.04721116,1
dia80_utt1,0.384187548,0.565770004,0.050042447,0
dia80_utt2,0.244201979,0.68742988,0.068368141,0
dia80_utt3,0.372130976,0.584562172,0.043306852,1
dia80_utt4,0.044327331,0.927519188,0.028153482,1
dia80_utt5,0.33121077,0.62092554,0.047863691,1
dia81_utt0,0.277878962,0.693935031,0.028186007,1
dia81_utt1,0.288129589,0.691319817,0.020550594,1
dia81_utt2,0.059597566,0.930230758,0.010171675,1
dia81_utt3,0.037545323,0.568370524,0.394084152,0
dia81_utt4,0.383404426,0.602070839,0.014524735,2
dia81_utt5,0.00400664,0.993820426,0.002172933,1
dia81_utt6,0.467913387,0.007970843,0.52411577,0
dia81_utt7,0.003271255,0.628481265,0.36824748,0
dia81_utt8,0.101376664,0.806744086,0.091879251,0
dia81_utt9,0.511671104,0.450797897,0.037530999,1
dia81_utt10,0.428283024,0.51245692,0.059260056,1
dia81_utt11,0.053109369,0.941668512,0.005222119,2
dia81_utt12,0.427228426,0.509764546,0.063007028,1
dia81_utt13,0.794492696,0.187022985,0.018484319,2
dia81_utt14,0.129600175,0.797675652,0.072724172,2
dia81_utt15,0.232522182,0.765593563,0.001884255,2
